71007890
61007890
51007890
81007890
51007890
61007890
71007890
51007890
61007890
71007890
81007890
61007890
71007890
51007890
81007890
71007890
81007890
51007890
61007890
51007890
61007890
71007890
81007890
51007890
71007890
61007890
81007890
61007890
51007890
71007890
81007890
71007890
61007890
51007890
81007890
71007890
51007890
61007890
81007890
51007890
81007890
71007890
61007890
71007890
51007890
81007890
61007890
81007890
61007890
51007890
71007890
51007890
61007890
71007890
81007890
61007890
51007890
71007890
81007890
61007890
71007890
51007890
81007890
81007890
61007890
71007890
51007890
81007890
71007890
61007890
51007890
51007890
61007890
71007890
81007890
71007890
61007890
51007890
81007890
51007890
61007890
71007890
81007890
81007890
61007890
71007890
51007890
51007890
71007890
61007890
81007890
51007890
81007890
61007890
71007890
51007890
61007890
81007890
71007890
61007890
51007890
71007890
81007890
51007890
71007890
61007890
81007890
61007890
51007890
71007890
81007890
71007890
81007890
51007890
61007890
61007890
71007890
51007890
81007890
81007890
61007890
71007890
51007890
71007890
81007890
61007890
51007890
